0.0, 0.01
0.00712647369748, 0.02
0.0213793528079, 0.03
0.0444584055335, 0.04
0.0765979227451, 0.05
0.118031965656, 0.06
0.168981009176, 0.07
0.229502389376, 0.08
0.299653189541, 0.09
0.379490235798, 0.1
0.468994239277, 0.11
0.568081836488, 0.12
0.676669434867, 0.13
0.794688124078, 0.14
0.922069173193, 0.15
1.05874324732, 0.16
1.20463653893, 0.17
1.35967503723, 0.18
1.52378453374, 0.19
1.69689062783, 0.2
1.87893267879, 0.21
2.06985965424, 0.22
2.26962033326, 0.23
2.4781633102, 0.24
2.69543699838, 0.25
2.92138963385, 0.26
3.15596927917, 0.27
3.39912260735, 0.28
3.65079589942, 0.29
3.91093527508, 0.3
4.17948669656, 0.31
4.45639597234, 0.32
4.74160876099, 0.33
5.03507057493, 0.34
5.33672678416, 0.35
5.64652262002, 0.36
5.96441591827, 0.37
6.29037163375, 0.38
6.62435457572, 0.39
6.96632941023, 0.4
7.31625421045, 0.41
7.67404756105, 0.42
8.03962795506, 0.43
8.4129878632, 0.44
8.79417509846, 0.45
9.18317701822, 0.46
9.5798549044, 0.47
9.98409571623, 0.48
10.395825452, 0.49
10.8149700381, 0.5
11.2414664599, 0.51
11.675262474, 0.52
12.1163057529, 0.53
12.5645399548, 0.54
13.0199062127, 0.55
13.4823455929, 0.56
13.951799098, 0.57
14.4282076707, 0.58
14.911512197, 0.59
15.4016535097, 0.6
15.8985723916, 0.61
16.402209579, 0.62
16.912505765, 0.63
17.4294016026, 0.64
17.9528377083, 0.65
18.4827546647, 0.66
19.0190930242, 0.67
19.5617933123, 0.68
20.1107960299, 0.69
20.6660416573, 0.7
21.2274706566, 0.71
21.7950234752, 0.72
22.3686405485, 0.73
22.9482623029, 0.74
23.533825954, 0.75
24.1252563666, 0.76
24.7224784302, 0.77
25.3254170623, 0.78
25.934008804, 0.79
26.5482115334, 0.8
27.1679831126, 0.81
27.7932813888, 0.82
28.4240444938, 0.83
29.0601907529, 0.84
29.7016385503, 0.85
30.3483063335, 0.86
31.000112616, 0.87
31.6569759811, 0.88
32.3188163047, 0.89
32.9855553936, 0.9
33.657115128, 0.91
34.3334174649, 0.92
35.0143844405, 0.93
35.6999381733, 0.94
36.390015377, 0.95
37.0845538017, 0.96
37.7834912586, 0.97
38.4867674476, 0.98
39.194324819, 0.99
39.9061058818, 1.0
40.6220290425, 1.01
41.3420080467, 1.02
42.0659567609, 1.03
42.7937891751, 1.04
43.5254194054, 1.05
44.2607616962, 1.06
44.9997304226, 1.07
45.7422400929, 1.08
46.4882053509, 1.09
47.2375407493, 1.1
47.9901609693, 1.11
48.7459808338, 1.12
49.50491531, 1.13
50.2668795113, 1.14
51.0317886986, 1.15
51.7995582827, 1.16
52.5701038256, 1.17
53.3432507236, 1.18
54.118816995, 1.19
54.8966210192, 1.2
55.6763288769, 1.21
56.4575449045, 1.22
57.2398740384, 1.23
58.0229217818, 1.24
58.8063576226, 1.25
59.5899066819, 1.26
60.3732946593, 1.27
61.1562941393, 1.28
61.9387751089, 1.29
62.7206078285, 1.3
63.5016628307, 1.31
64.2818109186, 1.32
65.0609467253, 1.33
65.8389880994, 1.34
66.6158530584, 1.35
67.3914597882, 1.36
68.1641338346, 1.37
68.9338899364, 1.38
69.700742703, 1.39
70.4647066156, 1.4
71.2257960293, 1.41
71.9840251735, 1.42
72.7394081544, 1.43
73.4919589557, 1.44
74.2416914403, 1.45
74.9886193513, 1.46
75.7327563139, 1.47
76.4741158363, 1.48
77.212711311, 1.49
77.9485560163, 1.5
78.6816631177, 1.51
79.4120456685, 1.52
80.1397166116, 1.53
80.8646887808, 1.54
81.5869749015, 1.55
82.3065875921, 1.56
83.0235393656, 1.57
83.7378426298, 1.58
84.4495096896, 1.59
85.1585527469, 1.6
85.8649839028, 1.61
86.5688151581, 1.62
87.2700584142, 1.63
87.9687254747, 1.64
88.6648280462, 1.65
89.3583777391, 1.66
90.0493860691, 1.67
90.7378644577, 1.68
91.4238242335, 1.69
92.1072766332, 1.7
92.7882328023, 1.71
93.4667037964, 1.72
94.1427005816, 1.73
94.8162340362, 1.74
95.487314951, 1.75
96.1559540304, 1.76
96.8221618932, 1.77
97.4859490737, 1.78
98.1473260225, 1.79
98.806303107, 1.8
99.4628906128, 1.81
100.117098744, 1.82
100.768937625, 1.83
101.4184173, 1.84
102.065547733, 1.85
102.710338814, 1.86
103.352800351, 1.87
103.992942079, 1.88
104.630773656, 1.89
105.266304665, 1.9
105.899544615, 1.91
106.530502942, 1.92
107.159189008, 1.93
107.785612105, 1.94
108.409781452, 1.95
109.031706197, 1.96
109.651395421, 1.97
110.268858131, 1.98
110.884103271, 1.99
111.497139713, 2.0
112.107976263, 2.01
112.716621661, 2.02
113.323084581, 2.03
113.92737363, 2.04
114.529497351, 2.05
115.129464226, 2.06
115.727282669, 2.07
116.322961033, 2.08
116.91650761, 2.09
117.507930629, 2.1
118.097238258, 2.11
118.684438603, 2.12
119.269539714, 2.13
119.852549578, 2.14
120.433476124, 2.15
121.012327224, 2.16
121.589110691, 2.17
122.163834281, 2.18
122.736505693, 2.19
123.307132571, 2.2
123.875722501, 2.21
124.442283018, 2.22
125.006821597, 2.23
125.569345664, 2.24
126.129862588, 2.25
126.688379685, 2.26
127.24490422, 2.27
127.799443406, 2.28
128.352004401, 2.29
128.902594315, 2.3
129.451220207, 2.31
129.997889083, 2.32
130.542607902, 2.33
131.085383572, 2.34
131.626222952, 2.35
132.165132853, 2.36
132.702120038, 2.37
133.237191222, 2.38
133.770353071, 2.39
134.301612207, 2.4
134.830975204, 2.41
135.35844859, 2.42
135.884038846, 2.43
136.40775241, 2.44
136.929595675, 2.45
137.449574987, 2.46
137.96769665, 2.47
138.483966923, 2.48
138.998392024, 2.49
139.510978125, 2.5
140.021731357, 2.51
140.530657809, 2.52
141.037763526, 2.53
141.543054513, 2.54
142.046536735, 2.55
142.548216114, 2.56
143.048098532, 2.57
143.546189831, 2.58
144.042495814, 2.59
144.537022243, 2.6
145.029774842, 2.61
145.520759294, 2.62
146.009981247, 2.63
146.497446309, 2.64
146.983160048, 2.65
147.467127997, 2.66
147.949355652, 2.67
148.429848471, 2.68
148.908611874, 2.69
149.385651247, 2.7
149.860971938, 2.71
150.334579262, 2.72
150.806478494, 2.73
151.276674878, 2.74
151.745173621, 2.75
152.211979896, 2.76
152.67709884, 2.77
153.140535559, 2.78
153.602295122, 2.79
154.062382567, 2.8
154.520802897, 2.81
154.977561082, 2.82
155.432662061, 2.83
155.886110737, 2.84
156.337911985, 2.85
156.788070645, 2.86
157.236591525, 2.87
157.683479405, 2.88
158.128739029, 2.89
158.572375114, 2.9
159.014392344, 2.91
159.454795372, 2.92
159.893588823, 2.93
160.33077729, 2.94
160.766365336, 2.95
161.200357496, 2.96
161.632758274, 2.97
162.063572145, 2.98
162.492803557, 2.99
162.920456927, 3.0
163.346536645, 3.01
163.77104707, 3.02
164.193992536, 3.03
164.615377348, 3.04
165.035205784, 3.05
165.453482092, 3.06
165.870210497, 3.07
166.285395192, 3.08
166.699040347, 3.09
167.111150103, 3.1
167.521728577, 3.11
167.930779857, 3.12
168.338308007, 3.13
168.744317063, 3.14
169.148811037, 3.15
169.551793916, 3.16
169.953269659, 3.17
170.353242204, 3.18
170.751715459, 3.19
171.148693311, 3.2
171.544179621, 3.21
171.938178226, 3.22
172.330692938, 3.23
172.721727546, 3.24
173.111285814, 3.25
173.499371483, 3.26
173.88598827, 3.27
174.271139869, 3.28
174.654829951, 3.29
175.037062162, 3.3
175.417840128, 3.31
175.79716745, 3.32
176.175047708, 3.33
176.551484458, 3.34
176.926481234, 3.35
177.300041549, 3.36
177.672168893, 3.37
178.042866735, 3.38
178.412138522, 3.39
178.779987679, 3.4
179.146417609, 3.41
179.511431696, 3.42
179.875033301, 3.43
180.237225764, 3.44
180.598012407, 3.45
180.957396527, 3.46
181.315381403, 3.47
181.671970294, 3.48
182.027166437, 3.49
182.380973052, 3.5
182.733393334, 3.51
183.084430463, 3.52
183.434087597, 3.53
183.782367874, 3.54
184.129274414, 3.55
184.474810316, 3.56
184.818978663, 3.57
185.161782514, 3.58
185.503224913, 3.59
185.843308884, 3.6
186.182037431, 3.61
186.519413542, 3.62
186.855440185, 3.63
187.190120309, 3.64
187.523456846, 3.65
187.855452709, 3.66
188.186110794, 3.67
188.515433977, 3.68
188.84342512, 3.69
189.170087064, 3.7
189.495422634, 3.71
189.819434636, 3.72
190.14212586, 3.73
190.46349908, 3.74
190.783557051, 3.75
191.10230251, 3.76
191.41973818, 3.77
191.735866765, 3.78
192.050690954, 3.79
192.364213417, 3.8
192.676436811, 3.81
192.987363773, 3.82
193.296996926, 3.83
193.605338876, 3.84
193.912392214, 3.85
194.218159513, 3.86
194.522643331, 3.87
194.825846211, 3.88
195.12777068, 3.89
195.428419248, 3.9
195.727794412, 3.91
196.025898652, 3.92
196.322734431, 3.93
196.618304201, 3.94
196.912610396, 3.95
197.205655434, 3.96
197.49744172, 3.97
197.787971645, 3.98
198.077247582, 3.99
198.365271892, 4.0
198.65204692, 4.01
198.937574997, 4.02
199.22185844, 4.03
199.504899551, 4.04
199.786700617, 4.05
200.067263912, 4.06
200.346591695, 4.07
200.624686213, 4.08
200.901549695, 4.09
201.177184361, 4.1
201.451592414, 4.11
201.724776043, 4.12
201.996737426, 4.13
202.267478725, 4.14
202.537002089, 4.15
202.805309654, 4.16
203.072403543, 4.17
203.338285865, 4.18
203.602958716, 4.19
203.866424179, 4.2
204.128684324, 4.21
204.389741208, 4.22
204.649596874, 4.23
204.908253355, 4.24
205.165712667, 4.25
205.421976818, 4.26
205.677047799, 4.27
205.930927592, 4.28
206.183618163, 4.29
206.435121469, 4.3
206.685439453, 4.31
206.934574046, 4.32
207.182527165, 4.33
207.429300718, 4.34
207.674896599, 4.35
207.919316689, 4.36
208.162562859, 4.37
208.404636968, 4.38
208.645540862, 4.39
208.885276374, 4.4
209.123845329, 4.41
209.361249538, 4.42
209.597490799, 4.43
209.832570901, 4.44
210.06649162, 4.45
210.299254722, 4.46
210.53086196, 4.47
210.761315076, 4.48
210.990615801, 4.49
211.218765856, 4.5
211.445766948, 4.51
211.671620775, 4.52
211.896329024, 4.53
212.11989337, 4.54
212.342315477, 4.55
212.563597, 4.56
212.78373958, 4.57
213.002744851, 4.58
213.220614432, 4.59
213.437349935, 4.6
213.652952959, 4.61
213.867425094, 4.62
214.080767919, 4.63
214.292983001, 4.64
214.504071899, 4.65
214.71403616, 4.66
214.922877321, 4.67
215.130596908, 4.68
215.337196439, 4.69
215.54267742, 4.7
215.747041347, 4.71
215.950289705, 4.72
216.152423972, 4.73
216.353445613, 4.74
216.553356084, 4.75
216.752156831, 4.76
216.94984929, 4.77
217.146434888, 4.78
217.341915042, 4.79
217.536291157, 4.8
217.729564632, 4.81
217.921736854, 4.82
218.112809201, 4.83
218.30278304, 4.84
218.491659731, 4.85
218.679440623, 4.86
218.866127055, 4.87
219.051720359, 4.88
219.236221854, 4.89
219.419632852, 4.9
219.601954657, 4.91
219.78318856, 4.92
219.963335847, 4.93
220.14239779, 4.94
220.320375657, 4.95
220.497270702, 4.96
220.673084174, 4.97
220.847817312, 4.98
221.021471343, 4.99
221.194047489, 5.0
221.36554696, 5.01
221.53597096, 5.02
221.705320682, 5.03
221.873597311, 5.04
222.040802023, 5.05
222.206935985, 5.06
222.372000356, 5.07
222.535996285, 5.08
222.698924915, 5.09
222.860787376, 5.1
223.021584795, 5.11
223.181318285, 5.12
223.339988954, 5.13
223.497597901, 5.14
223.654146215, 5.15
223.809634978, 5.16
223.964065264, 5.17
224.117438136, 5.18
224.269754652, 5.19
224.42101586, 5.2
224.571222799, 5.21
224.720376502, 5.22
224.868477991, 5.23
225.015528283, 5.24
225.161528383, 5.25
225.306479292, 5.26
225.450382, 5.27
225.593237489, 5.28
225.735046736, 5.29
225.875810705, 5.3
226.015530357, 5.31
226.154206641, 5.32
226.291840502, 5.33
226.428432873, 5.34
226.563984682, 5.35
226.698496848, 5.36
226.831970282, 5.37
226.964405889, 5.38
227.095804563, 5.39
227.226167193, 5.4
227.355494659, 5.41
227.483787833, 5.42
227.611047582, 5.43
227.737274761, 5.44
227.86247022, 5.45
227.986634803, 5.46
228.109769342, 5.47
228.231874664, 5.48
228.35295159, 5.49
228.473000931, 5.5
228.592023491, 5.51
228.710020067, 5.52
228.826991448, 5.53
228.942938416, 5.54
229.057861746, 5.55
229.171762205, 5.56
229.284640552, 5.57
229.396497541, 5.58
229.507333916, 5.59
229.617150414, 5.6
229.725947767, 5.61
229.833726697, 5.62
229.940487921, 5.63
230.046232147, 5.64
230.150960076, 5.65
230.254672404, 5.66
230.357369817, 5.67
230.459052995, 5.68
230.559722611, 5.69
230.659379331, 5.7
230.758023814, 5.71
230.85565671, 5.72
230.952278665, 5.73
231.047890316, 5.74
231.142492294, 5.75
231.236085221, 5.76
231.328669714, 5.77
231.420246383, 5.78
231.51081583, 5.79
231.600378651, 5.8
231.688935434, 5.81
231.776486761, 5.82
231.863033207, 5.83
231.948575339, 5.84
232.033113718, 5.85
232.116648899, 5.86
232.199181429, 5.87
232.280711849, 5.88
232.361240692, 5.89
232.440768485, 5.9
232.519295748, 5.91
232.596822994, 5.92
232.67335073, 5.93
232.748879457, 5.94
232.823409666, 5.95
232.896941844, 5.96
232.969476471, 5.97
233.041014021, 5.98
233.111554958, 5.99
233.181099743, 6.0
233.249648829, 6.01
233.317202662, 6.02
233.383761682, 6.03
233.449326322, 6.04
233.513897008, 6.05
233.57747416, 6.06
233.640058192, 6.07
233.70164951, 6.08
233.762248514, 6.09
233.821855599, 6.1
233.88047115, 6.11
233.938095549, 6.12
233.994729169, 6.13
234.050372378, 6.14
234.105025536, 6.15
234.158688999, 6.16
234.211363115, 6.17
234.263048224, 6.18
234.313744662, 6.19
234.363452757, 6.2
234.412172832, 6.21
234.459905202, 6.22
234.506650176, 6.23
234.552408057, 6.24
234.597179142, 6.25
234.640963721, 6.26
234.683762076, 6.27
234.725574486, 6.28
234.766401222, 6.29
234.806242546, 6.3
234.845098718, 6.31
234.882969989, 6.32
234.919856605, 6.33
234.955758804, 6.34
234.99067682, 6.35
235.024610877, 6.36
235.057561197, 6.37
235.089527992, 6.38
235.12051147, 6.39
235.150511832, 6.4
235.179529273, 6.41
235.207563981, 6.42
235.234616137, 6.43
235.260685918, 6.44
235.285773493, 6.45
235.309879025, 6.46
235.33300267, 6.47
235.355144581, 6.48
235.376304899, 6.49
235.396483764, 6.5
235.415681308, 6.51
235.433897655, 6.52
235.451132925, 6.53
235.467387231, 6.54
235.482660679, 6.55
235.49695337, 6.56
235.510265398, 6.57
235.522596851, 6.58
235.53394781, 6.59
235.54431835, 6.6
235.553708542, 6.61
235.562118448, 6.62
235.569548124, 6.63
235.57599762, 6.64
235.581466982, 6.65
235.585956247, 6.66
235.589465446, 6.67
235.591994605, 6.68
235.593543744, 6.69
235.594112874, 6.7
235.593702004, 6.71
235.592311133, 6.72
235.589940256, 6.73
235.58658936, 6.74
235.582258428, 6.75
235.576947436, 6.76
235.570656351, 6.77